0.0069	1.6206e-04
0.0104	3.6348e-04
0.0139	6.4412e-04
0.0173	0.0010
0.0208	0.0014
0.0242	0.0020
0.0277	0.0025
0.0312	0.0032
0.0346	0.0039
0.0381	0.0048
0.0416	0.0056
0.0450	0.0066
0.0485	0.0076
0.0520	0.0087
0.0554	0.0099
0.0589	0.0112
0.0624	0.0125
0.0658	0.0138
0.0693	0.0153
0.0727	0.0168
0.0762	0.0184
0.0797	0.0200
0.0831	0.0217
0.0866	0.0235
0.0901	0.0253
0.0935	0.0272
0.0970	0.0292
0.1005	0.0312
0.1039	0.0333
0.1074	0.0354
0.1109	0.0376
0.1143	0.0399
0.1178	0.0422
0.1212	0.0445
0.1247	0.0470
0.1282	0.0494
0.1316	0.0520
0.1351	0.0545
0.1386	0.0572
0.1420	0.0599
0.1455	0.0626
0.1490	0.0654
0.1524	0.0683
0.1559	0.0711
0.1593	0.0741
0.1628	0.0771
0.1663	0.0801
0.1697	0.0832
0.1732	0.0863
0.1767	0.0895
0.1801	0.0927
0.1836	0.0960
0.1871	0.0993
0.1905	0.1027
0.1940	0.1061
0.1975	0.1095
0.2009	0.1130
0.2044	0.1165
0.2078	0.1200
0.2113	0.1236
0.2148	0.1273
0.2182	0.1310
0.2217	0.1347
0.2252	0.1384
0.2286	0.1422
0.2321	0.1460
0.2356	0.1499
0.2390	0.1538
0.2425	0.1577
0.2459	0.1616
0.2494	0.1656
0.2529	0.1696
0.2563	0.1737
0.2598	0.1778
0.2633	0.1819
0.2667	0.1860
0.2702	0.1902
0.2737	0.1944
0.2771	0.1986
0.2806	0.2028
0.2841	0.2071
0.2875	0.2114
0.2910	0.2157
0.2944	0.2201
0.2979	0.2245
0.3014	0.2289
0.3048	0.2333
0.3083	0.2377
0.3118	0.2422
0.3152	0.2467
0.3187	0.2512
0.3222	0.2557
0.3256	0.2603
0.3291	0.2648
0.3325	0.2694
0.3360	0.2740
0.3395	0.2786
0.3429	0.2833
0.3464	0.2879
0.3499	0.2926
0.3533	0.2973
0.3568	0.3020
0.3603	0.3067
0.3637	0.3114
0.3672	0.3161
0.3707	0.3209
0.3741	0.3256
0.3776	0.3304
0.3810	0.3352
0.3845	0.3400
0.3880	0.3448
0.3914	0.3496
0.3949	0.3544
0.3984	0.3593
0.4018	0.3641
0.4053	0.3690
0.4088	0.3738
0.4122	0.3787
0.4157	0.3835
0.4191	0.3884
0.4226	0.3933
0.4261	0.3982
0.4295	0.4030
0.4330	0.4079
0.4365	0.4128
0.4399	0.4177
0.4434	0.4226
0.4469	0.4275
0.4503	0.4324
0.4538	0.4373
0.4573	0.4422
0.4607	0.4471
0.4642	0.4520
0.4676	0.4569
0.4711	0.4618
0.4746	0.4667
0.4780	0.4715
0.4815	0.4764
0.4850	0.4813
0.4884	0.4862
0.4919	0.4911
0.4954	0.4959
0.4988	0.5008
0.5023	0.5056
0.5057	0.5105
0.5092	0.5153
0.5127	0.5202
0.5161	0.5250
0.5196	0.5298
0.5231	0.5346
0.5265	0.5394
0.5300	0.5442
0.5335	0.5490
0.5369	0.5538
0.5404	0.5586
0.5439	0.5633
0.5473	0.5680
0.5508	0.5728
0.5542	0.5775
0.5577	0.5822
0.5612	0.5869
0.5646	0.5916
0.5681	0.5962
0.5716	0.6009
0.5750	0.6055
0.5785	0.6102
0.5820	0.6148
0.5854	0.6194
0.5889	0.6239
0.5923	0.6285
0.5958	0.6330
0.5993	0.6376
0.6027	0.6421
0.6062	0.6466
0.6097	0.6510
0.6131	0.6555
0.6166	0.6599
0.6201	0.6643
0.6235	0.6687
0.6270	0.6731
0.6305	0.6775
0.6339	0.6818
0.6374	0.6861
0.6408	0.6904
0.6443	0.6947
0.6478	0.6989
0.6512	0.7032
0.6547	0.7074
0.6582	0.7116
0.6616	0.7157
0.6651	0.7199
0.6686	0.7240
0.6720	0.7281
0.6755	0.7321
0.6789	0.7362
0.6824	0.7402
0.6859	0.7442
0.6893	0.7481
0.6928	0.7521
0.6963	0.7560
0.6997	0.7598
0.7032	0.7637
0.7067	0.7675
0.7101	0.7713
0.7136	0.7751
0.7171	0.7789
0.7205	0.7826
0.7240	0.7863
0.7274	0.7899
0.7309	0.7935
0.7344	0.7971
0.7378	0.8007
0.7413	0.8043
0.7448	0.8078
0.7482	0.8112
0.7517	0.8147
0.7552	0.8181
0.7586	0.8215
0.7621	0.8248
0.7655	0.8282
0.7690	0.8315
0.7725	0.8347
0.7759	0.8379
0.7794	0.8411
0.7829	0.8443
0.7863	0.8474
0.7898	0.8505
0.7933	0.8536
0.7967	0.8566
0.8002	0.8596
0.8037	0.8625
0.8071	0.8654
0.8106	0.8683
0.8140	0.8712
0.8175	0.8740
0.8210	0.8768
0.8244	0.8795
0.8279	0.8822
0.8314	0.8849
0.8348	0.8875
0.8383	0.8901
0.8418	0.8927
0.8452	0.8952
0.8487	0.8977
0.8521	0.9001
0.8556	0.9025
0.8591	0.9049
0.8625	0.9072
0.8660	0.9095
0.8695	0.9118
0.8729	0.9140
0.8764	0.9162
0.8799	0.9183
0.8833	0.9204
0.8868	0.9225
0.8903	0.9245
0.8937	0.9265
0.8972	0.9284
0.9006	0.9303
0.9041	0.9322
0.9076	0.9340
0.9110	0.9358
0.9145	0.9375
0.9180	0.9392
0.9214	0.9409
0.9249	0.9425
0.9284	0.9441
0.9318	0.9456
0.9353	0.9471
0.9387	0.9485
0.9422	0.9499
0.9457	0.9513
0.9491	0.9526
0.9526	0.9539
0.9561	0.9551
0.9595	0.9563
0.9630	0.9575
0.9665	0.9586
0.9699	0.9597
0.9734	0.9607
0.9769	0.9617
0.9803	0.9626
0.9838	0.9635
0.9872	0.9644
0.9907	0.9652
0.9942	0.9659
0.9976	0.9666
1.0011	0.9673
1.0046	0.9680
1.0080	0.9685
1.0115	0.9691
1.0150	0.9696
1.0184	0.9700
1.0219	0.9705
1.0253	0.9708
1.0288	0.9711
1.0323	0.9714
1.0357	0.9716
1.0392	0.9718
1.0427	0.9720
1.0461	0.9721
1.0496	0.9721
1.0531	0.9721
1.0565	0.9721
1.0600	0.9720
1.0634	0.9719
1.0669	0.9717
1.0704	0.9715
1.0738	0.9712
1.0773	0.9709
1.0808	0.9706
1.0842	0.9702
1.0877	0.9697
1.0912	0.9692
1.0946	0.9687
1.0981	0.9681
1.1016	0.9675
1.1050	0.9668
1.1085	0.9661
1.1119	0.9653
1.1154	0.9645
1.1189	0.9636
1.1223	0.9627
1.1258	0.9618
1.1293	0.9608
1.1327	0.9597
1.1362	0.9586
1.1397	0.9575
1.1431	0.9563
1.1466	0.9551
1.1500	0.9538
1.1535	0.9525
1.1570	0.9511
1.1604	0.9497
1.1639	0.9482
1.1674	0.9467
1.1708	0.9452
1.1743	0.9436
1.1778	0.9419
1.1812	0.9402
1.1847	0.9385
1.1882	0.9367
1.1916	0.9349
1.1951	0.9330
1.1985	0.9311
1.2020	0.9291
1.2055	0.9271
1.2089	0.9250
1.2124	0.9229
1.2159	0.9208
1.2193	0.9186
1.2228	0.9163
1.2263	0.9141
1.2297	0.9117
1.2332	0.9093
1.2366	0.9069
1.2401	0.9044
1.2436	0.9019
1.2470	0.8993
1.2505	0.8967
1.2540	0.8941
1.2574	0.8914
1.2609	0.8886
1.2644	0.8858
1.2678	0.8830
1.2713	0.8801
1.2748	0.8772
1.2782	0.8742
1.2817	0.8712
1.2851	0.8681
1.2886	0.8650
1.2921	0.8618
1.2955	0.8586
1.2990	0.8554
1.3025	0.8521
1.3059	0.8488
1.3094	0.8454
1.3129	0.8420
1.3163	0.8385
1.3198	0.8350
1.3232	0.8314
1.3267	0.8278
1.3302	0.8242
1.3336	0.8205
1.3371	0.8167
1.3406	0.8129
1.3440	0.8091
1.3475	0.8052
1.3510	0.8013
1.3544	0.7974
1.3579	0.7934
1.3614	0.7893
1.3648	0.7852
1.3683	0.7811
1.3717	0.7769
1.3752	0.7727
1.3787	0.7684
1.3821	0.7641
1.3856	0.7597
1.3891	0.7553
1.3925	0.7509
1.3960	0.7464
1.3995	0.7419
1.4029	0.7373
1.4064	0.7327
1.4098	0.7280
1.4133	0.7233
1.4168	0.7185
1.4202	0.7137
1.4237	0.7089
1.4272	0.7040
1.4306	0.6991
1.4341	0.6941
1.4376	0.6891
1.4410	0.6841
1.4445	0.6790
1.4480	0.6738
1.4514	0.6686
1.4549	0.6634
1.4583	0.6581
1.4618	0.6528
1.4653	0.6475
1.4687	0.6420
1.4722	0.6366
1.4757	0.6311
1.4791	0.6256
1.4826	0.6200
1.4861	0.6144
1.4895	0.6087
1.4930	0.6030
1.4964	0.5972
1.4999	0.5914
1.5034	0.5855
1.5068	0.5796
1.5103	0.5737
1.5138	0.5677
1.5172	0.5617
1.5207	0.5556
1.5242	0.5495
1.5276	0.5433
1.5311	0.5371
1.5346	0.5308
1.5380	0.5245
1.5415	0.5181
1.5449	0.5117
1.5484	0.5052
1.5519	0.4987
1.5553	0.4921
1.5588	0.4855
1.5623	0.4788
1.5657	0.4721
1.5692	0.4653
1.5727	0.4584
1.5761	0.4515
1.5796	0.4446
1.5830	0.4376
1.5865	0.4305
1.5900	0.4233
1.5934	0.4161
1.5969	0.4089
1.6004	0.4015
1.6038	0.3941
1.6073	0.3866
1.6108	0.3791
1.6142	0.3715
1.6177	0.3638
1.6212	0.3560
1.6246	0.3481
1.6281	0.3402
1.6315	0.3321
1.6350	0.3240
1.6385	0.3157
1.6419	0.3074
1.6454	0.2989
1.6489	0.2904
1.6523	0.2817
1.6558	0.2728
1.6593	0.2639
1.6627	0.2548
1.6662	0.2455
1.6696	0.2360
1.6731	0.2264
1.6766	0.2166
1.6800	0.2065
1.6835	0.1962
1.6870	0.1856
1.6904	0.1747
1.6939	0.1635
1.6974	0.1519
1.7008	0.1399
1.7043	0.1274
1.7078	0.1143
1.7112	0.1005
1.7147	0.0858
1.7181	0.0701
1.7216	0.0531
1.7251	0.0344
1.7285	0.0140
1.7320	0