0.0120	0.0013
0.0180	0.0029
0.0240	0.0051
0.0300	0.0078
0.0360	0.0112
0.0420	0.0151
0.0480	0.0196
0.0540	0.0246
0.0600	0.0302
0.0659	0.0362
0.0719	0.0428
0.0779	0.0498
0.0839	0.0573
0.0899	0.0653
0.0959	0.0737
0.1019	0.0826
0.1079	0.0918
0.1139	0.1015
0.1199	0.1116
0.1259	0.1220
0.1319	0.1328
0.1379	0.1440
0.1439	0.1555
0.1499	0.1674
0.1559	0.1796
0.1619	0.1921
0.1679	0.2048
0.1739	0.2179
0.1799	0.2313
0.1859	0.2449
0.1918	0.2587
0.1978	0.2728
0.2038	0.2871
0.2098	0.3017
0.2158	0.3164
0.2218	0.3314
0.2278	0.3465
0.2338	0.3618
0.2398	0.3773
0.2458	0.3929
0.2518	0.4087
0.2578	0.4246
0.2638	0.4406
0.2698	0.4567
0.2758	0.4729
0.2818	0.4893
0.2878	0.5057
0.2938	0.5222
0.2998	0.5387
0.3058	0.5553
0.3117	0.5719
0.3177	0.5886
0.3237	0.6053
0.3297	0.6220
0.3357	0.6388
0.3417	0.6555
0.3477	0.6722
0.3537	0.6889
0.3597	0.7056
0.3657	0.7222
0.3717	0.7388
0.3777	0.7554
0.3837	0.7718
0.3897	0.7882
0.3957	0.8046
0.4017	0.8208
0.4077	0.8370
0.4137	0.8530
0.4197	0.8690
0.4257	0.8848
0.4316	0.9005
0.4376	0.9161
0.4436	0.9316
0.4496	0.9469
0.4556	0.9620
0.4616	0.9770
0.4676	0.9918
0.4736	1.0065
0.4796	1.0210
0.4856	1.0353
0.4916	1.0494
0.4976	1.0633
0.5036	1.0770
0.5096	1.0904
0.5156	1.1037
0.5216	1.1168
0.5276	1.1296
0.5336	1.1422
0.5396	1.1545
0.5456	1.1666
0.5515	1.1785
0.5575	1.1901
0.5635	1.2014
0.5695	1.2125
0.5755	1.2233
0.5815	1.2338
0.5875	1.2440
0.5935	1.2540
0.5995	1.2636
0.6055	1.2730
0.6115	1.2821
0.6175	1.2908
0.6235	1.2993
0.6295	1.3074
0.6355	1.3153
0.6415	1.3227
0.6475	1.3299
0.6535	1.3368
0.6595	1.3433
0.6654	1.3494
0.6714	1.3553
0.6774	1.3608
0.6834	1.3659
0.6894	1.3707
0.6954	1.3751
0.7014	1.3792
0.7074	1.3829
0.7134	1.3863
0.7194	1.3892
0.7254	1.3918
0.7314	1.3941
0.7374	1.3959
0.7434	1.3974
0.7494	1.3985
0.7554	1.3992
0.7614	1.3996
0.7674	1.3995
0.7734	1.3991
0.7794	1.3982
0.7854	1.3970
0.7913	1.3953
0.7973	1.3933
0.8033	1.3909
0.8093	1.3880
0.8153	1.3848
0.8213	1.3811
0.8273	1.3770
0.8333	1.3726
0.8393	1.3677
0.8453	1.3623
0.8513	1.3566
0.8573	1.3505
0.8633	1.3439
0.8693	1.3369
0.8753	1.3295
0.8813	1.3216
0.8873	1.3134
0.8933	1.3047
0.8993	1.2955
0.9053	1.2859
0.9112	1.2759
0.9172	1.2655
0.9232	1.2546
0.9292	1.2433
0.9352	1.2315
0.9412	1.2193
0.9472	1.2066
0.9532	1.1935
0.9592	1.1799
0.9652	1.1658
0.9712	1.1513
0.9772	1.1363
0.9832	1.1209
0.9892	1.1050
0.9952	1.0886
1.0012	1.0717
1.0072	1.0543
1.0132	1.0364
1.0192	1.0180
1.0251	0.9991
1.0311	0.9796
1.0371	0.9596
1.0431	0.9391
1.0491	0.9180
1.0551	0.8963
1.0611	0.8741
1.0671	0.8512
1.0731	0.8276
1.0791	0.8034
1.0851	0.7785
1.0911	0.7529
1.0971	0.7265
1.1031	0.6993
1.1091	0.6712
1.1151	0.6421
1.1211	0.6121
1.1271	0.5809
1.1331	0.5486
1.1391	0.5148
1.1450	0.4795
1.1510	0.4424
1.1570	0.4032
1.1630	0.3614
1.1690	0.3166
1.1750	0.2678
1.1810	0.2136
1.1870	0.1517
1.1930	0.0772
1.1990	0
