1.44063000000000	0
1.44073000000000	0
1.44083000000000	1.99999990000000e-05
1.44093000000000	0.000220000000000000
1.44103000000000	0.00187000000000000
1.44113000000000	0.0115200000000000
1.44123000000000	0.0506500010000000
1.44133000000000	0.158550000000000
1.44142999999500	0.354420000000000
1.44152999999600	0.574170000000000
1.44163000000000	0.698410000000000
1.44173000000000	0.684310000000000
1.44183000000000	0.600230000000000
1.44193000000000	0.521270000000000
1.44203000000000	0.467150000000000
1.44213000000000	0.428410000000000
1.44223000000000	0.396180000000000
1.44233000000000	0.367200000000000
1.44243000000000	0.340600000000000
1.44253000000000	0.316030000000000
1.44263000000000	0.293300000000000
1.44273000000000	0.272240000000000
1.44283000000000	0.252710000000000
1.44293000000000	0.234600000000000
1.44303000000000	0.217780000000000
1.44313000000000	0.202160000000000
1.44323000000000	0.187650000000000
1.44333000000000	0.174180000000000
1.44343000000000	0.161660000000000
1.44353000000000	0.150040000000000
1.44363000000000	0.139240000000000
1.44373000000000	0.129210000000000
1.44383000000000	0.119890000000000
1.44393000000000	0.111240000000000
1.44403000000000	0.103200000000000
1.44413000000000	0.0957399980000000
1.44423000000000	0.0888099970000000
1.44433000000000	0.0823799970000000
1.44443000000000	0.0764100030000000
1.44453000000000	0.0708699970000000
1.44463000000000	0.0657299980000000
1.44473000000000	0.0609500000000000
1.44483000000000	0.0565200000000000
1.44493000000000	0.0524099990000000
1.44503000000000	0.0485900010000000
1.44513000000000	0.0450499990000000
1.44523000000000	0.0417700000000000
1.44533000000000	0.0387200010000000
1.44543000000000	0.0359000000000000
1.44553000000000	0.0332800000000000
1.44563000000000	0.0308500010000000
1.44573000000000	0.0285899990000000
1.44583000000000	0.0265000000000000
1.44593000000000	0.0245699990000000
1.44603000000000	0.0227700010000000
1.44613000000000	0.0211000000000000
1.44623000000000	0.0195600000000000
1.44633000000000	0.0181200000000000
1.44643000000000	0.0167900010000000
1.44653000000000	0.0155600000000000
1.44663000000000	0.0144200000000000
1.44673000000000	0.0133600000000000
1.44683000000000	0.0123800000000000
1.44693000000000	0.0114700000000000
1.44703000000000	0.0106300000000000
1.44713000000000	0.00985000000000000
1.44723000000000	0.00913000010000000
1.44733000000000	0.00846000020000000
1.44743000000000	0.00782999960000000
1.44753000000000	0.00725999990000000
1.44763000000000	0.00673000000000000
1.44773000000000	0.00622999990000000
1.44783000000000	0.00577000020000000
1.44793000000000	0.00535000020000000
1.44803000000000	0.00495000000000000
1.44813000000000	0.00459000000000000
1.44823000000000	0.00425000020000000
1.44833000000000	0.00394000020000000
1.44843000000000	0.00365000010000000
1.44853000000000	0.00337999990000000
1.44863000000000	0.00313000010000000
1.44873000000000	0.00290000000000000
1.44883000000000	0.00269000000000000