0.0070	1.6204e-04
0.0104	3.6342e-04
0.0139	6.4402e-04
0.0174	0.0010
0.0209	0.0014
0.0244	0.0020
0.0278	0.0025
0.0313	0.0032
0.0348	0.0039
0.0383	0.0048
0.0418	0.0056
0.0452	0.0066
0.0487	0.0076
0.0522	0.0087
0.0557	0.0099
0.0592	0.0112
0.0626	0.0125
0.0661	0.0138
0.0696	0.0153
0.0731	0.0168
0.0766	0.0184
0.0800	0.0200
0.0835	0.0217
0.0870	0.0235
0.0905	0.0253
0.0940	0.0272
0.0974	0.0292
0.1009	0.0312
0.1044	0.0333
0.1079	0.0354
0.1114	0.0376
0.1148	0.0398
0.1183	0.0422
0.1218	0.0445
0.1253	0.0469
0.1288	0.0494
0.1322	0.0519
0.1357	0.0545
0.1392	0.0572
0.1427	0.0599
0.1462	0.0626
0.1496	0.0654
0.1531	0.0682
0.1566	0.0711
0.1601	0.0741
0.1636	0.0771
0.1670	0.0801
0.1705	0.0832
0.1740	0.0863
0.1775	0.0895
0.1810	0.0927
0.1844	0.0960
0.1879	0.0993
0.1914	0.1026
0.1949	0.1060
0.1984	0.1095
0.2018	0.1129
0.2053	0.1164
0.2088	0.1200
0.2123	0.1236
0.2158	0.1272
0.2192	0.1309
0.2227	0.1346
0.2262	0.1384
0.2297	0.1421
0.2332	0.1460
0.2366	0.1498
0.2401	0.1537
0.2436	0.1576
0.2471	0.1616
0.2506	0.1655
0.2540	0.1696
0.2575	0.1736
0.2610	0.1777
0.2645	0.1818
0.2680	0.1859
0.2714	0.1901
0.2749	0.1943
0.2784	0.1985
0.2819	0.2027
0.2854	0.2070
0.2888	0.2113
0.2923	0.2156
0.2958	0.2200
0.2993	0.2244
0.3028	0.2287
0.3062	0.2332
0.3097	0.2376
0.3132	0.2421
0.3167	0.2465
0.3202	0.2511
0.3236	0.2556
0.3271	0.2601
0.3306	0.2647
0.3341	0.2693
0.3376	0.2739
0.3410	0.2785
0.3445	0.2831
0.3480	0.2877
0.3515	0.2924
0.3550	0.2971
0.3584	0.3018
0.3619	0.3065
0.3654	0.3112
0.3689	0.3159
0.3724	0.3207
0.3758	0.3254
0.3793	0.3302
0.3828	0.3350
0.3863	0.3398
0.3898	0.3446
0.3932	0.3494
0.3967	0.3542
0.4002	0.3590
0.4037	0.3639
0.4072	0.3687
0.4106	0.3735
0.4141	0.3784
0.4176	0.3833
0.4211	0.3881
0.4246	0.3930
0.4280	0.3979
0.4315	0.4027
0.4350	0.4076
0.4385	0.4125
0.4420	0.4174
0.4454	0.4223
0.4489	0.4272
0.4524	0.4321
0.4559	0.4369
0.4594	0.4418
0.4628	0.4467
0.4663	0.4516
0.4698	0.4565
0.4733	0.4614
0.4768	0.4663
0.4802	0.4711
0.4837	0.4760
0.4872	0.4809
0.4907	0.4858
0.4942	0.4906
0.4976	0.4955
0.5011	0.5003
0.5046	0.5052
0.5081	0.5100
0.5116	0.5149
0.5150	0.5197
0.5185	0.5245
0.5220	0.5293
0.5255	0.5341
0.5290	0.5389
0.5324	0.5437
0.5359	0.5485
0.5394	0.5533
0.5429	0.5580
0.5464	0.5628
0.5498	0.5675
0.5533	0.5722
0.5568	0.5769
0.5603	0.5816
0.5638	0.5863
0.5672	0.5910
0.5707	0.5956
0.5742	0.6003
0.5777	0.6049
0.5812	0.6095
0.5846	0.6141
0.5881	0.6187
0.5916	0.6233
0.5951	0.6278
0.5986	0.6323
0.6020	0.6369
0.6055	0.6414
0.6090	0.6458
0.6125	0.6503
0.6160	0.6547
0.6194	0.6592
0.6229	0.6636
0.6264	0.6680
0.6299	0.6723
0.6334	0.6767
0.6368	0.6810
0.6403	0.6853
0.6438	0.6896
0.6473	0.6938
0.6508	0.6981
0.6542	0.7023
0.6577	0.7065
0.6612	0.7107
0.6647	0.7148
0.6682	0.7189
0.6716	0.7230
0.6751	0.7271
0.6786	0.7312
0.6821	0.7352
0.6856	0.7392
0.6890	0.7432
0.6925	0.7471
0.6960	0.7510
0.6995	0.7549
0.7030	0.7588
0.7064	0.7626
0.7099	0.7665
0.7134	0.7702
0.7169	0.7740
0.7204	0.7777
0.7238	0.7814
0.7273	0.7851
0.7308	0.7888
0.7343	0.7924
0.7378	0.7960
0.7412	0.7995
0.7447	0.8030
0.7482	0.8065
0.7517	0.8100
0.7552	0.8134
0.7586	0.8168
0.7621	0.8202
0.7656	0.8235
0.7691	0.8268
0.7726	0.8301
0.7760	0.8334
0.7795	0.8366
0.7830	0.8397
0.7865	0.8429
0.7900	0.8460
0.7934	0.8491
0.7969	0.8521
0.8004	0.8551
0.8039	0.8581
0.8074	0.8610
0.8108	0.8639
0.8143	0.8668
0.8178	0.8696
0.8213	0.8724
0.8248	0.8752
0.8282	0.8779
0.8317	0.8806
0.8352	0.8832
0.8387	0.8859
0.8422	0.8884
0.8456	0.8910
0.8491	0.8935
0.8526	0.8960
0.8561	0.8984
0.8596	0.9008
0.8630	0.9031
0.8665	0.9054
0.8700	0.9077
0.8735	0.9100
0.8770	0.9122
0.8804	0.9143
0.8839	0.9164
0.8874	0.9185
0.8909	0.9206
0.8944	0.9226
0.8978	0.9245
0.9013	0.9264
0.9048	0.9283
0.9083	0.9302
0.9118	0.9320
0.9152	0.9337
0.9187	0.9354
0.9222	0.9371
0.9257	0.9388
0.9292	0.9404
0.9326	0.9419
0.9361	0.9434
0.9396	0.9449
0.9431	0.9463
0.9466	0.9477
0.9500	0.9491
0.9535	0.9504
0.9570	0.9516
0.9605	0.9528
0.9640	0.9540
0.9674	0.9551
0.9709	0.9562
0.9744	0.9573
0.9779	0.9583
0.9814	0.9592
0.9848	0.9602
0.9883	0.9610
0.9918	0.9619
0.9953	0.9626
0.9988	0.9634
1.0022	0.9641
1.0057	0.9647
1.0092	0.9654
1.0127	0.9659
1.0162	0.9664
1.0196	0.9669
1.0231	0.9673
1.0266	0.9677
1.0301	0.9681
1.0336	0.9684
1.0370	0.9686
1.0405	0.9688
1.0440	0.9690
1.0475	0.9691
1.0510	0.9692
1.0544	0.9692
1.0579	0.9692
1.0614	0.9692
1.0649	0.9690
1.0684	0.9689
1.0718	0.9687
1.0753	0.9685
1.0788	0.9682
1.0823	0.9678
1.0858	0.9674
1.0892	0.9670
1.0927	0.9666
1.0962	0.9660
1.0997	0.9655
1.1032	0.9649
1.1066	0.9642
1.1101	0.9635
1.1136	0.9628
1.1171	0.9620
1.1206	0.9611
1.1240	0.9602
1.1275	0.9593
1.1310	0.9583
1.1345	0.9573
1.1380	0.9562
1.1414	0.9551
1.1449	0.9540
1.1484	0.9528
1.1519	0.9515
1.1554	0.9502
1.1588	0.9488
1.1623	0.9475
1.1658	0.9460
1.1693	0.9445
1.1728	0.9430
1.1762	0.9414
1.1797	0.9398
1.1832	0.9381
1.1867	0.9364
1.1902	0.9346
1.1936	0.9328
1.1971	0.9310
1.2006	0.9291
1.2041	0.9271
1.2076	0.9251
1.2110	0.9231
1.2145	0.9210
1.2180	0.9189
1.2215	0.9167
1.2250	0.9145
1.2284	0.9122
1.2319	0.9099
1.2354	0.9075
1.2389	0.9051
1.2424	0.9026
1.2458	0.9001
1.2493	0.8976
1.2528	0.8950
1.2563	0.8924
1.2598	0.8897
1.2632	0.8870
1.2667	0.8842
1.2702	0.8814
1.2737	0.8785
1.2772	0.8756
1.2806	0.8726
1.2841	0.8696
1.2876	0.8666
1.2911	0.8635
1.2946	0.8603
1.2980	0.8572
1.3015	0.8539
1.3050	0.8506
1.3085	0.8473
1.3120	0.8440
1.3154	0.8406
1.3189	0.8371
1.3224	0.8336
1.3259	0.8301
1.3294	0.8265
1.3328	0.8228
1.3363	0.8191
1.3398	0.8154
1.3433	0.8117
1.3468	0.8078
1.3502	0.8040
1.3537	0.8001
1.3572	0.7961
1.3607	0.7921
1.3642	0.7881
1.3676	0.7840
1.3711	0.7799
1.3746	0.7757
1.3781	0.7715
1.3816	0.7673
1.3850	0.7630
1.3885	0.7586
1.3920	0.7542
1.3955	0.7498
1.3990	0.7453
1.4024	0.7408
1.4059	0.7363
1.4094	0.7317
1.4129	0.7270
1.4164	0.7223
1.4198	0.7176
1.4233	0.7128
1.4268	0.7080
1.4303	0.7031
1.4338	0.6982
1.4372	0.6932
1.4407	0.6882
1.4442	0.6832
1.4477	0.6781
1.4512	0.6730
1.4546	0.6678
1.4581	0.6626
1.4616	0.6573
1.4651	0.6520
1.4686	0.6467
1.4720	0.6413
1.4755	0.6359
1.4790	0.6304
1.4825	0.6248
1.4860	0.6193
1.4894	0.6137
1.4929	0.6080
1.4964	0.6023
1.4999	0.5966
1.5034	0.5908
1.5068	0.5849
1.5103	0.5790
1.5138	0.5731
1.5173	0.5671
1.5208	0.5611
1.5242	0.5551
1.5277	0.5489
1.5312	0.5428
1.5347	0.5366
1.5382	0.5303
1.5416	0.5240
1.5451	0.5177
1.5486	0.5113
1.5521	0.5048
1.5556	0.4983
1.5590	0.4917
1.5625	0.4851
1.5660	0.4785
1.5695	0.4718
1.5730	0.4650
1.5764	0.4582
1.5799	0.4513
1.5834	0.4444
1.5869	0.4374
1.5904	0.4303
1.5938	0.4232
1.5973	0.4161
1.6008	0.4088
1.6043	0.4015
1.6078	0.3942
1.6112	0.3867
1.6147	0.3792
1.6182	0.3716
1.6217	0.3640
1.6252	0.3563
1.6286	0.3484
1.6321	0.3405
1.6356	0.3326
1.6391	0.3245
1.6426	0.3163
1.6460	0.3081
1.6495	0.2997
1.6530	0.2912
1.6565	0.2826
1.6600	0.2739
1.6634	0.2650
1.6669	0.2560
1.6704	0.2469
1.6739	0.2376
1.6774	0.2281
1.6808	0.2185
1.6843	0.2086
1.6878	0.1986
1.6913	0.1883
1.6948	0.1777
1.6982	0.1669
1.7017	0.1557
1.7052	0.1441
1.7087	0.1322
1.7122	0.1197
1.7156	0.1068
1.7191	0.0931
1.7226	0.0787
1.7261	0.0634
1.7296	0.0470
1.7330	0.0293
1.7365	0.0109
1.7400	0