0.383490000000000	0
0.383590000000000	0
0.383690000000000	1.99999990000000e-05
0.383790000000000	0.000220000000000000
0.383890000000000	0.00187000000000000
0.383990000000000	0.0115200000000000
0.384090000000000	0.0506500010000000
0.384190000000000	0.158550000000000
0.384290000000000	0.354420000000000
0.384390000000000	0.574170000000000
0.384490000000000	0.698410000000000
0.384590000000000	0.684310000000000
0.384690000000000	0.600230000000000
0.384790000000000	0.521270000000000
0.384890000000000	0.467150000000000
0.384990000000000	0.428410000000000
0.385090000000000	0.396180000000000
0.385190000000000	0.367200000000000
0.385290000000000	0.340600000000000
0.385390000000000	0.316030000000000
0.385490000000000	0.293300000000000
0.385590000000000	0.272240000000000
0.385690000000000	0.252710000000000
0.385790000000000	0.234600000000000
0.385890000000000	0.217780000000000
0.385990000000000	0.202160000000000
0.386090000000000	0.187650000000000
0.386190000000000	0.174180000000000
0.386290000000000	0.161660000000000
0.386390000000000	0.150040000000000
0.386490000000000	0.139240000000000
0.386590000000000	0.129210000000000
0.386690000000000	0.119890000000000
0.386790000000000	0.111240000000000
0.386890000000000	0.103200000000000
0.386990000000000	0.0957399980000000
0.387090000000000	0.0888099970000000
0.387190000000000	0.0823799970000000
0.387290000000000	0.0764100030000000
0.387390000000000	0.0708699970000000
0.387490000000000	0.0657299980000000
0.387590000000000	0.0609500000000000
0.387690000000000	0.0565200000000000
0.387790000000000	0.0524099990000000
0.387890000000000	0.0485900010000000
0.387990000000000	0.0450499990000000
0.388090000000000	0.0417700000000000
0.388190000000000	0.0387200010000000
0.388290000000000	0.0359000000000000
0.388390000000000	0.0332800000000000
0.388490000000000	0.0308500010000000
0.388590000000000	0.0285899990000000
0.388690000000000	0.0265000000000000
0.388790000000000	0.0245699990000000
0.388890000000000	0.0227700010000000
0.388990000000000	0.0211000000000000
0.389090000000000	0.0195600000000000
0.389190000000000	0.0181200000000000
0.389290000000000	0.0167900010000000
0.389390000000000	0.0155600000000000
0.389490000000000	0.0144200000000000
0.389590000000000	0.0133600000000000
0.389690000000000	0.0123800000000000
0.389790000000000	0.0114700000000000
0.389890000000000	0.0106300000000000
0.389990000000000	0.00985000000000000
0.390090000000000	0.00913000010000000
0.390190000000000	0.00846000020000000
0.390290000000000	0.00782999960000000
0.390390000000000	0.00725999990000000
0.390490000000000	0.00673000000000000
0.390590000000000	0.00622999990000000
0.390690000000000	0.00577000020000000
0.390790000000000	0.00535000020000000
0.390890000000000	0.00495000000000000
0.390990000000000	0.00459000000000000
0.391090000000000	0.00425000020000000
0.391190000000000	0.00394000020000000
0.391290000000000	0.00365000010000000
0.391390000000000	0.00337999990000000
0.391490000000000	0.00313000010000000
0.391590000000000	0.00290000000000000
0.391690000000000	0.00269000000000000