0.0376	5.8897e-06
0.0564	1.3226e-05
0.0751	2.3467e-05
0.0939	3.6595e-05
0.1127	5.2594e-05
0.1315	7.1446e-05
0.1503	9.3135e-05
0.1691	1.1764e-04
0.1878	1.4495e-04
0.2066	1.7505e-04
0.2254	2.0791e-04
0.2442	2.4353e-04
0.2630	2.8188e-04
0.2818	3.2294e-04
0.3005	3.6671e-04
0.3193	4.1316e-04
0.3381	4.6229e-04
0.3569	5.1406e-04
0.3757	5.6846e-04
0.3945	6.2549e-04
0.4132	6.8511e-04
0.4320	7.4732e-04
0.4508	8.1209e-04
0.4696	8.7942e-04
0.4884	9.4929e-04
0.5072	0.0010
0.5259	0.0011
0.5447	0.0012
0.5635	0.0013
0.5823	0.0013
0.6011	0.0014
0.6199	0.0015
0.6387	0.0016
0.6574	0.0017
0.6762	0.0018
0.6950	0.0019
0.7138	0.0020
0.7326	0.0021
0.7514	0.0022
0.7701	0.0023
0.7889	0.0024
0.8077	0.0025
0.8265	0.0026
0.8453	0.0027
0.8641	0.0029
0.8828	0.0030
0.9016	0.0031
0.9204	0.0032
0.9392	0.0033
0.9580	0.0035
0.9768	0.0036
0.9955	0.0037
1.0143	0.0039
1.0331	0.0040
1.0519	0.0041
1.0707	0.0043
1.0895	0.0044
1.1082	0.0046
1.1270	0.0047
1.1458	0.0049
1.1646	0.0050
1.1834	0.0052
1.2022	0.0053
1.2209	0.0055
1.2397	0.0056
1.2585	0.0058
1.2773	0.0060
1.2961	0.0061
1.3149	0.0063
1.3336	0.0065
1.3524	0.0066
1.3712	0.0068
1.3900	0.0070
1.4088	0.0071
1.4276	0.0073
1.4463	0.0075
1.4651	0.0077
1.4839	0.0079
1.5027	0.0080
1.5215	0.0082
1.5403	0.0084
1.5590	0.0086
1.5778	0.0088
1.5966	0.0090
1.6154	0.0092
1.6342	0.0094
1.6530	0.0096
1.6718	0.0098
1.6905	0.0100
1.7093	0.0102
1.7281	0.0104
1.7469	0.0106
1.7657	0.0108
1.7845	0.0110
1.8032	0.0112
1.8220	0.0114
1.8408	0.0116
1.8596	0.0118
1.8784	0.0120
1.8972	0.0123
1.9159	0.0125
1.9347	0.0127
1.9535	0.0129
1.9723	0.0131
1.9911	0.0134
2.0099	0.0136
2.0286	0.0138
2.0474	0.0140
2.0662	0.0143
2.0850	0.0145
2.1038	0.0147
2.1226	0.0149
2.1413	0.0152
2.1601	0.0154
2.1789	0.0157
2.1977	0.0159
2.2165	0.0161
2.2353	0.0164
2.2540	0.0166
2.2728	0.0168
2.2916	0.0171
2.3104	0.0173
2.3292	0.0176
2.3480	0.0178
2.3668	0.0181
2.3855	0.0183
2.4043	0.0186
2.4231	0.0188
2.4419	0.0191
2.4607	0.0193
2.4795	0.0196
2.4982	0.0198
2.5170	0.0201
2.5358	0.0203
2.5546	0.0206
2.5734	0.0208
2.5922	0.0211
2.6109	0.0214
2.6297	0.0216
2.6485	0.0219
2.6673	0.0221
2.6861	0.0224
2.7049	0.0227
2.7236	0.0229
2.7424	0.0232
2.7612	0.0235
2.7800	0.0237
2.7988	0.0240
2.8176	0.0243
2.8363	0.0245
2.8551	0.0248
2.8739	0.0251
2.8927	0.0253
2.9115	0.0256
2.9303	0.0259
2.9490	0.0261
2.9678	0.0264
2.9866	0.0267
3.0054	0.0270
3.0242	0.0272
3.0430	0.0275
3.0617	0.0278
3.0805	0.0281
3.0993	0.0284
3.1181	0.0286
3.1369	0.0289
3.1557	0.0292
3.1745	0.0295
3.1932	0.0297
3.2120	0.0300
3.2308	0.0303
3.2496	0.0306
3.2684	0.0309
3.2872	0.0312
3.3059	0.0314
3.3247	0.0317
3.3435	0.0320
3.3623	0.0323
3.3811	0.0326
3.3999	0.0329
3.4186	0.0331
3.4374	0.0334
3.4562	0.0337
3.4750	0.0340
3.4938	0.0343
3.5126	0.0346
3.5313	0.0349
3.5501	0.0352
3.5689	0.0354
3.5877	0.0357
3.6065	0.0360
3.6253	0.0363
3.6440	0.0366
3.6628	0.0369
3.6816	0.0372
3.7004	0.0375
3.7192	0.0378
3.7380	0.0380
3.7567	0.0383
3.7755	0.0386
3.7943	0.0389
3.8131	0.0392
3.8319	0.0395
3.8507	0.0398
3.8694	0.0401
3.8882	0.0404
3.9070	0.0407
3.9258	0.0410
3.9446	0.0413
3.9634	0.0415
3.9822	0.0418
4.0009	0.0421
4.0197	0.0424
4.0385	0.0427
4.0573	0.0430
4.0761	0.0433
4.0949	0.0436
4.1136	0.0439
4.1324	0.0442
4.1512	0.0445
4.1700	0.0448
4.1888	0.0450
4.2076	0.0453
4.2263	0.0456
4.2451	0.0459
4.2639	0.0462
4.2827	0.0465
4.3015	0.0468
4.3203	0.0471
4.3390	0.0474
4.3578	0.0477
4.3766	0.0480
4.3954	0.0483
4.4142	0.0485
4.4330	0.0488
4.4517	0.0491
4.4705	0.0494
4.4893	0.0497
4.5081	0.0500
4.5269	0.0503
4.5457	0.0506
4.5644	0.0509
4.5832	0.0512
4.6020	0.0514
4.6208	0.0517
4.6396	0.0520
4.6584	0.0523
4.6771	0.0526
4.6959	0.0529
4.7147	0.0532
4.7335	0.0535
4.7523	0.0537
4.7711	0.0540
4.7899	0.0543
4.8086	0.0546
4.8274	0.0549
4.8462	0.0552
4.8650	0.0554
4.8838	0.0557
4.9026	0.0560
4.9213	0.0563
4.9401	0.0566
4.9589	0.0569
4.9777	0.0571
4.9965	0.0574
5.0153	0.0577
5.0340	0.0580
5.0528	0.0583
5.0716	0.0585
5.0904	0.0588
5.1092	0.0591
5.1280	0.0594
5.1467	0.0597
5.1655	0.0599
5.1843	0.0602
5.2031	0.0605
5.2219	0.0608
5.2407	0.0610
5.2594	0.0613
5.2782	0.0616
5.2970	0.0619
5.3158	0.0621
5.3346	0.0624
5.3534	0.0627
5.3721	0.0629
5.3909	0.0632
5.4097	0.0635
5.4285	0.0637
5.4473	0.0640
5.4661	0.0643
5.4848	0.0645
5.5036	0.0648
5.5224	0.0651
5.5412	0.0653
5.5600	0.0656
5.5788	0.0659
5.5976	0.0661
5.6163	0.0664
5.6351	0.0667
5.6539	0.0669
5.6727	0.0672
5.6915	0.0674
5.7103	0.0677
5.7290	0.0680
5.7478	0.0682
5.7666	0.0685
5.7854	0.0687
5.8042	0.0690
5.8230	0.0692
5.8417	0.0695
5.8605	0.0697
5.8793	0.0700
5.8981	0.0702
5.9169	0.0705
5.9357	0.0707
5.9544	0.0710
5.9732	0.0712
5.9920	0.0715
6.0108	0.0717
6.0296	0.0720
6.0484	0.0722
6.0671	0.0725
6.0859	0.0727
6.1047	0.0729
6.1235	0.0732
6.1423	0.0734
6.1611	0.0737
6.1798	0.0739
6.1986	0.0741
6.2174	0.0744
6.2362	0.0746
6.2550	0.0748
6.2738	0.0751
6.2926	0.0753
6.3113	0.0755
6.3301	0.0758
6.3489	0.0760
6.3677	0.0762
6.3865	0.0765
6.4053	0.0767
6.4240	0.0769
6.4428	0.0771
6.4616	0.0774
6.4804	0.0776
6.4992	0.0778
6.5180	0.0780
6.5367	0.0782
6.5555	0.0785
6.5743	0.0787
6.5931	0.0789
6.6119	0.0791
6.6307	0.0793
6.6494	0.0795
6.6682	0.0797
6.6870	0.0800
6.7058	0.0802
6.7246	0.0804
6.7434	0.0806
6.7621	0.0808
6.7809	0.0810
6.7997	0.0812
6.8185	0.0814
6.8373	0.0816
6.8561	0.0818
6.8748	0.0820
6.8936	0.0822
6.9124	0.0824
6.9312	0.0826
6.9500	0.0828
6.9688	0.0830
6.9875	0.0832
7.0063	0.0834
7.0251	0.0836
7.0439	0.0838
7.0627	0.0840
7.0815	0.0841
7.1003	0.0843
7.1190	0.0845
7.1378	0.0847
7.1566	0.0849
7.1754	0.0851
7.1942	0.0852
7.2130	0.0854
7.2317	0.0856
7.2505	0.0858
7.2693	0.0860
7.2881	0.0861
7.3069	0.0863
7.3257	0.0865
7.3444	0.0866
7.3632	0.0868
7.3820	0.0870
7.4008	0.0872
7.4196	0.0873
7.4384	0.0875
7.4571	0.0876
7.4759	0.0878
7.4947	0.0880
7.5135	0.0881
7.5323	0.0883
7.5511	0.0884
7.5698	0.0886
7.5886	0.0888
7.6074	0.0889
7.6262	0.0891
7.6450	0.0892
7.6638	0.0894
7.6825	0.0895
7.7013	0.0897
7.7201	0.0898
7.7389	0.0900
7.7577	0.0901
7.7765	0.0902
7.7952	0.0904
7.8140	0.0905
7.8328	0.0907
7.8516	0.0908
7.8704	0.0909
7.8892	0.0911
7.9080	0.0912
7.9267	0.0913
7.9455	0.0915
7.9643	0.0916
7.9831	0.0917
8.0019	0.0918
8.0207	0.0920
8.0394	0.0921
8.0582	0.0922
8.0770	0.0923
8.0958	0.0924
8.1146	0.0926
8.1334	0.0927
8.1521	0.0928
8.1709	0.0929
8.1897	0.0930
8.2085	0.0931
8.2273	0.0932
8.2461	0.0934
8.2648	0.0935
8.2836	0.0936
8.3024	0.0937
8.3212	0.0938
8.3400	0.0939
8.3588	0.0940
8.3775	0.0941
8.3963	0.0942
8.4151	0.0943
8.4339	0.0944
8.4527	0.0945
8.4715	0.0945
8.4902	0.0946
8.5090	0.0947
8.5278	0.0948
8.5466	0.0949
8.5654	0.0950
8.5842	0.0951
8.6029	0.0951
8.6217	0.0952
8.6405	0.0953
8.6593	0.0954
8.6781	0.0955
8.6969	0.0955
8.7157	0.0956
8.7344	0.0957
8.7532	0.0957
8.7720	0.0958
8.7908	0.0959
8.8096	0.0959
8.8284	0.0960
8.8471	0.0961
8.8659	0.0961
8.8847	0.0962
8.9035	0.0963
8.9223	0.0963
8.9411	0.0964
8.9598	0.0964
8.9786	0.0965
8.9974	0.0965
9.0162	0.0966
9.0350	0.0966
9.0538	0.0967
9.0725	0.0967
9.0913	0.0968
9.1101	0.0968
9.1289	0.0968
9.1477	0.0969
9.1665	0.0969
9.1852	0.0970
9.2040	0.0970
9.2228	0.0970
9.2416	0.0971
9.2604	0.0971
9.2792	0.0971
9.2979	0.0971
9.3167	0.0972
9.3355	0.0972
9.3543	0.0972
9.3731	0.0972
9.3919	0.0973
9.4106	0.0973
9.4294	0.0973
9.4482	0.0973
9.4670	0.0973
9.4858	0.0973
9.5046	0.0973
9.5234	0.0974
9.5421	0.0974
9.5609	0.0974
9.5797	0.0974
9.5985	0.0974
9.6173	0.0974
9.6361	0.0974
9.6548	0.0974
9.6736	0.0974
9.6924	0.0974
9.7112	0.0974
9.7300	0.0974
9.7488	0.0974
9.7675	0.0974
9.7863	0.0973
9.8051	0.0973
9.8239	0.0973
9.8427	0.0973
9.8615	0.0973
9.8802	0.0973
9.8990	0.0972
9.9178	0.0972
9.9366	0.0972
9.9554	0.0972
9.9742	0.0972
9.9929	0.0971
10.0120	0.0971
10.0310	0.0971
10.0490	0.0970
10.0680	0.0970
10.0870	0.0970
10.1060	0.0969
10.1240	0.0969
10.1430	0.0969
10.1620	0.0968
10.1810	0.0968
10.2000	0.0967
10.2180	0.0967
10.2370	0.0966
10.2560	0.0966
10.2750	0.0965
10.2930	0.0965
10.3120	0.0964
10.3310	0.0964
10.3500	0.0963
10.3690	0.0963
10.3870	0.0962
10.4060	0.0962
10.4250	0.0961
10.4440	0.0960
10.4630	0.0960
10.4810	0.0959
10.5000	0.0958
10.5190	0.0958
10.5380	0.0957
10.5560	0.0956
10.5750	0.0956
10.5940	0.0955
10.6130	0.0954
10.6320	0.0953
10.6500	0.0953
10.6690	0.0952
10.6880	0.0951
10.7070	0.0950
10.7260	0.0949
10.7440	0.0949
10.7630	0.0948
10.7820	0.0947
10.8010	0.0946
10.8190	0.0945
10.8380	0.0944
10.8570	0.0943
10.8760	0.0942
10.8950	0.0941
10.9130	0.0940
10.9320	0.0939
10.9510	0.0938
10.9700	0.0937
10.9880	0.0936
11.0070	0.0935
11.0260	0.0934
11.0450	0.0933
11.0640	0.0932
11.0820	0.0931
11.1010	0.0930
11.1200	0.0929
11.1390	0.0927
11.1580	0.0926
11.1760	0.0925
11.1950	0.0924
11.2140	0.0923
11.2330	0.0921
11.2510	0.0920
11.2700	0.0919
11.2890	0.0918
11.3080	0.0916
11.3270	0.0915
11.3450	0.0914
11.3640	0.0913
11.3830	0.0911
11.4020	0.0910
11.4210	0.0909
11.4390	0.0907
11.4580	0.0906
11.4770	0.0904
11.4960	0.0903
11.5140	0.0902
11.5330	0.0900
11.5520	0.0899
11.5710	0.0897
11.5900	0.0896
11.6080	0.0894
11.6270	0.0893
11.6460	0.0891
11.6650	0.0890
11.6830	0.0888
11.7020	0.0887
11.7210	0.0885
11.7400	0.0884
11.7590	0.0882
11.7770	0.0880
11.7960	0.0879
11.8150	0.0877
11.8340	0.0876
11.8530	0.0874
11.8710	0.0872
11.8900	0.0871
11.9090	0.0869
11.9280	0.0867
11.9460	0.0866
11.9650	0.0864
11.9840	0.0862
12.0030	0.0860
12.0220	0.0859
12.0400	0.0857
12.0590	0.0855
12.0780	0.0853
12.0970	0.0851
12.1160	0.0850
12.1340	0.0848
12.1530	0.0846
12.1720	0.0844
12.1910	0.0842
12.2090	0.0840
12.2280	0.0838
12.2470	0.0837
12.2660	0.0835
12.2850	0.0833
12.3030	0.0831
12.3220	0.0829
12.3410	0.0827
12.3600	0.0825
12.3780	0.0823
12.3970	0.0821
12.4160	0.0819
12.4350	0.0817
12.4540	0.0815
12.4720	0.0813
12.4910	0.0811
12.5100	0.0809
12.5290	0.0807
12.5480	0.0805
12.5660	0.0803
12.5850	0.0800
12.6040	0.0798
12.6230	0.0796
12.6410	0.0794
12.6600	0.0792
12.6790	0.0790
12.6980	0.0788
12.7170	0.0785
12.7350	0.0783
12.7540	0.0781
12.7730	0.0779
12.7920	0.0777
12.8110	0.0774
12.8290	0.0772
12.8480	0.0770
12.8670	0.0768
12.8860	0.0765
12.9040	0.0763
12.9230	0.0761
12.9420	0.0759
12.9610	0.0756
12.9800	0.0754
12.9980	0.0752
13.0170	0.0749
13.0360	0.0747
13.0550	0.0745
13.0730	0.0742
13.0920	0.0740
13.1110	0.0737
13.1300	0.0735
13.1490	0.0733
13.1670	0.0730
13.1860	0.0728
13.2050	0.0725
13.2240	0.0723
13.2430	0.0721
13.2610	0.0718
13.2800	0.0716
13.2990	0.0713
13.3180	0.0711
13.3360	0.0708
13.3550	0.0706
13.3740	0.0703
13.3930	0.0701
13.4120	0.0698
13.4300	0.0696
13.4490	0.0693
13.4680	0.0691
13.4870	0.0688
13.5060	0.0686
13.5240	0.0683
13.5430	0.0680
13.5620	0.0678
13.5810	0.0675
13.5990	0.0673
13.6180	0.0670
13.6370	0.0667
13.6560	0.0665
13.6750	0.0662
13.6930	0.0660
13.7120	0.0657
13.7310	0.0654
13.7500	0.0652
13.7680	0.0649
13.7870	0.0646
13.8060	0.0644
13.8250	0.0641
13.8440	0.0638
13.8620	0.0636
13.8810	0.0633
13.9000	0.0630
13.9190	0.0628
13.9380	0.0625
13.9560	0.0622
13.9750	0.0619
13.9940	0.0617
14.0130	0.0614
14.0310	0.0611
14.0500	0.0608
14.0690	0.0606
14.0880	0.0603
14.1070	0.0600
14.1250	0.0597
14.1440	0.0595
14.1630	0.0592
14.1820	0.0589
14.2010	0.0586
14.2190	0.0583
14.2380	0.0581
14.2570	0.0578
14.2760	0.0575
14.2940	0.0572
14.3130	0.0569
14.3320	0.0567
14.3510	0.0564
14.3700	0.0561
14.3880	0.0558
14.4070	0.0555
14.4260	0.0552
14.4450	0.0549
14.4630	0.0547
14.4820	0.0544
14.5010	0.0541
14.5200	0.0538
14.5390	0.0535
14.5570	0.0532
14.5760	0.0529
14.5950	0.0527
14.6140	0.0524
14.6330	0.0521
14.6510	0.0518
14.6700	0.0515
14.6890	0.0512
14.7080	0.0509
14.7260	0.0506
14.7450	0.0503
14.7640	0.0501
14.7830	0.0498
14.8020	0.0495
14.8200	0.0492
14.8390	0.0489
14.8580	0.0486
14.8770	0.0483
14.8950	0.0480
14.9140	0.0477
14.9330	0.0474
14.9520	0.0471
14.9710	0.0468
14.9890	0.0466
15.0080	0.0463
15.0270	0.0460
15.0460	0.0457
15.0650	0.0454
15.0830	0.0451
15.1020	0.0448
15.1210	0.0445
15.1400	0.0442
15.1580	0.0439
15.1770	0.0436
15.1960	0.0433
15.2150	0.0430
15.2340	0.0427
15.2520	0.0424
15.2710	0.0422
15.2900	0.0419
15.3090	0.0416
15.3280	0.0413
15.3460	0.0410
15.3650	0.0407
15.3840	0.0404
15.4030	0.0401
15.4210	0.0398
15.4400	0.0395
15.4590	0.0392
15.4780	0.0389
15.4970	0.0386
15.5150	0.0383
15.5340	0.0381
15.5530	0.0378
15.5720	0.0375
15.5900	0.0372
15.6090	0.0369
15.6280	0.0366
15.6470	0.0363
15.6660	0.0360
15.6840	0.0357
15.7030	0.0354
15.7220	0.0351
15.7410	0.0349
15.7600	0.0346
15.7780	0.0343
15.7970	0.0340
15.8160	0.0337
15.8350	0.0334
15.8530	0.0331
15.8720	0.0328
15.8910	0.0326
15.9100	0.0323
15.9290	0.0320
15.9470	0.0317
15.9660	0.0314
15.9850	0.0311
16.0040	0.0308
16.0230	0.0306
16.0410	0.0303
16.0600	0.0300
16.0790	0.0297
16.0980	0.0294
16.1160	0.0291
16.1350	0.0289
16.1540	0.0286
16.1730	0.0283
16.1920	0.0280
16.2100	0.0277
16.2290	0.0275
16.2480	0.0272
16.2670	0.0269
16.2850	0.0266
16.3040	0.0264
16.3230	0.0261
16.3420	0.0258
16.3610	0.0255
16.3790	0.0253
16.3980	0.0250
16.4170	0.0247
16.4360	0.0244
16.4550	0.0242
16.4730	0.0239
16.4920	0.0236
16.5110	0.0234
16.5300	0.0231
16.5480	0.0228
16.5670	0.0226
16.5860	0.0223
16.6050	0.0220
16.6240	0.0218
16.6420	0.0215
16.6610	0.0213
16.6800	0.0210
16.6990	0.0207
16.7180	0.0205
16.7360	0.0202
16.7550	0.0200
16.7740	0.0197
16.7930	0.0194
16.8110	0.0192
16.8300	0.0189
16.8490	0.0187
16.8680	0.0184
16.8870	0.0182
16.9050	0.0179
16.9240	0.0177
16.9430	0.0174
16.9620	0.0172
16.9800	0.0169
16.9990	0.0167
17.0180	0.0165
17.0370	0.0162
17.0560	0.0160
17.0740	0.0157
17.0930	0.0155
17.1120	0.0153
17.1310	0.0150
17.1500	0.0148
17.1680	0.0146
17.1870	0.0143
17.2060	0.0141
17.2250	0.0139
17.2430	0.0136
17.2620	0.0134
17.2810	0.0132
17.3000	0.0129
17.3190	0.0127
17.3370	0.0125
17.3560	0.0123
17.3750	0.0121
17.3940	0.0118
17.4130	0.0116
17.4310	0.0114
17.4500	0.0112
17.4690	0.0110
17.4880	0.0108
17.5060	0.0106
17.5250	0.0103
17.5440	0.0101
17.5630	0.0099
17.5820	0.0097
17.6000	0.0095
17.6190	0.0093
17.6380	0.0091
17.6570	0.0089
17.6750	0.0087
17.6940	0.0085
17.7130	0.0083
17.7320	0.0082
17.7510	0.0080
17.7690	0.0078
17.7880	0.0076
17.8070	0.0074
17.8260	0.0072
17.8450	0.0070
17.8630	0.0069
17.8820	0.0067
17.9010	0.0065
17.9200	0.0063
17.9380	0.0062
17.9570	0.0060
17.9760	0.0058
17.9950	0.0056
18.0140	0.0055
18.0320	0.0053
18.0510	0.0052
18.0700	0.0050
18.0890	0.0048
18.1080	0.0047
18.1260	0.0045
18.1450	0.0044
18.1640	0.0042
18.1830	0.0041
18.2010	0.0039
18.2200	0.0038
18.2390	0.0036
18.2580	0.0035
18.2770	0.0033
18.2950	0.0032
18.3140	0.0031
18.3330	0.0029
18.3520	0.0028
18.3700	0.0027
18.3890	0.0026
18.4080	0.0024
18.4270	0.0023
18.4460	0.0022
18.4640	0.0021
18.4830	0.0019
18.5020	0.0018
18.5210	0.0017
18.5400	0.0016
18.5580	0.0015
18.5770	0.0014
18.5960	0.0013
18.6150	0.0012
18.6330	0.0011
18.6520	9.5135e-04
18.6710	8.4599e-04
18.6900	7.3995e-04
18.7090	6.3196e-04
18.7270	5.1983e-04
18.7460	3.9901e-04
18.7650	2.5739e-04
18.7840	0