0.861430000000000	0
0.861530000000000	0
0.861630000000000	9.99999970000000e-06
0.861730000000000	3.99999990000000e-05
0.861830000000000	0.000120000000000000
0.861930000000000	0.000319999990000000
0.862030000000000	0.000820000020000000
0.862130000000000	0.00197000010000000
0.862230000100000	0.00442000010000000
0.862330000000000	0.00927999990000000
0.862430000000000	0.0182500000000000
0.862530000000000	0.0335900000000000
0.862630000000000	0.0578700010000000
0.862730000000000	0.0933799970000000
0.862830000000000	0.141150000000000
0.862930000000000	0.200140000000000
0.863030000000000	0.266660000000000
0.863130000000000	0.334480000000000
0.863230000000000	0.396290000000000
0.863330000000000	0.445170000000000
0.863430000000000	0.476620000000000
0.863530000000000	0.489330000000000
0.863630000000000	0.485150000000000
0.863730000000000	0.468070000000000
0.863830000000000	0.442850000000000
0.863930000000000	0.413750000000000
0.864030000000000	0.383900000000000
0.864130000000000	0.355190000000000
0.864230000000000	0.328460000000000
0.864330000000000	0.303960000000000
0.864430000000000	0.281530000000000
0.864530000000000	0.260960000000000
0.864630000000000	0.242040000000000
0.864730000000000	0.224560000000000
0.864830000000000	0.208380000000000
0.864930000000000	0.193390000000000
0.865030000000000	0.179460000000000
0.865130000000000	0.166550000000000
0.865230000000000	0.154550000000000
0.865330000000000	0.143420000000000
0.865430000000000	0.133080000000000
0.865530000000000	0.123470000000000
0.865630000000000	0.114550000000000
0.865730000000000	0.106270000000000
0.865830000000000	0.0985800030000000
0.865930000000000	0.0914499980000000
0.866030000000000	0.0848200020000000
0.866130000000000	0.0786700030000000
0.866230000000000	0.0729499980000000
0.866330000000000	0.0676499980000000
0.866430000000000	0.0627399980000000
0.866530000000000	0.0581699980000000
0.866630000000000	0.0539399980000000
0.866730000000000	0.0500099990000000
0.866830000000000	0.0463600010000000
0.866930000000000	0.0429800000000000
0.867030000000000	0.0398400020000000
0.867130000000000	0.0369299990000000
0.867230000000000	0.0342300010000000
0.867330000000000	0.0317300000000000
0.867430000000000	0.0294100010000000
0.867530000000000	0.0272600000000000
0.867630000000000	0.0252600000000000
0.867730000000000	0.0234100000000000
0.867830000000000	0.0216900000000000
0.867930000000000	0.0200999990000000
0.868030000000000	0.0186300000000000
0.868130000000000	0.0172600000000000
0.868230000000000	0.0160000010000000
0.868330000000000	0.0148200000000000
0.868430000000000	0.0137300000000000
0.868530000000000	0.0127200000000000
0.868630000000000	0.0117900000000000
0.868730000000000	0.0109200000000000
0.868830000000000	0.0101200000000000
0.868930000000000	0.00937000010000000
0.869030000000000	0.00868000000000000
0.869130000000000	0.00805000030000000
0.869230000000000	0.00744999990000000
0.869330000000000	0.00689999990000000
0.869430000000000	0.00639999980000000
0.869530000000000	0.00591999990000000
0.869630000000000	0.00548999990000000
0.869730000000000	0.00508000000000000
0.869830000000000	0.00471000000000000
0.869930000000000	0.00436000010000000
0.870030000000000	0.00404000000000000
0.870130000000000	0.00374000010000000
0.870230000000000	0.00347000010000000
0.870330000000000	0.00321000000000000
0.870430000000000	0.00297000000000000
0.870530000000000	0.00275000000000000