0.0200	8.6000e-06
0.0400	3.4000e-05
0.0600	7.5200e-05
0.0800	1.3140e-04
0.1000	2.0190e-04
0.1200	2.8590e-04
0.1400	3.8250e-04
0.1600	4.9120e-04
0.1800	6.1120e-04
0.2000	7.4170e-04
0.2200	8.8190e-04
0.2400	0.0010
0.2600	0.0012
0.2800	0.0014
0.3000	0.0015
0.3200	0.0017
0.3400	0.0019
0.3600	0.0021
0.3800	0.0023
0.4000	0.0025
0.4200	0.0027
0.4400	0.0030
0.4600	0.0032
0.4800	0.0035
0.5000	0.0038
0.5200	0.0041
0.5400	0.0043
0.5600	0.0046
0.5800	0.0049
0.6000	0.0053
0.6200	0.0056
0.6400	0.0059
0.6600	0.0062
0.6800	0.0066
0.7000	0.0069
0.7200	0.0073
0.7400	0.0077
0.7600	0.0080
0.7800	0.0084
0.8000	0.0088
0.8200	0.0092
0.8400	0.0096
0.8600	0.0100
0.8800	0.0104
0.9000	0.0108
0.9200	0.0113
0.9400	0.0117
0.9600	0.0121
0.9800	0.0126
1	0.0130
1.0200	0.0135
1.0400	0.0139
1.0600	0.0144
1.0800	0.0149
1.1000	0.0153
1.1200	0.0158
1.1400	0.0163
1.1600	0.0168
1.1800	0.0173
1.2000	0.0178
1.2200	0.0183
1.2400	0.0188
1.2600	0.0193
1.2800	0.0199
1.3000	0.0204
1.3200	0.0209
1.3400	0.0214
1.3600	0.0220
1.3800	0.0225
1.4000	0.0231
1.4200	0.0236
1.4400	0.0242
1.4600	0.0247
1.4800	0.0253
1.5000	0.0258
1.5200	0.0264
1.5400	0.0270
1.5600	0.0275
1.5800	0.0281
1.6000	0.0287
1.6200	0.0293
1.6400	0.0299
1.6600	0.0304
1.6800	0.0310
1.7000	0.0316
1.7200	0.0322
1.7400	0.0328
1.7600	0.0334
1.7800	0.0340
1.8000	0.0346
1.8200	0.0352
1.8400	0.0358
1.8600	0.0364
1.8800	0.0370
1.9000	0.0377
1.9200	0.0383
1.9400	0.0389
1.9600	0.0395
1.9800	0.0401
2	0.0407
2.0200	0.0414
2.0400	0.0420
2.0600	0.0426
2.0800	0.0432
2.1000	0.0439
2.1200	0.0445
2.1400	0.0451
2.1600	0.0457
2.1800	0.0464
2.2000	0.0470
2.2200	0.0476
2.2400	0.0483
2.2600	0.0489
2.2800	0.0495
2.3000	0.0502
2.3200	0.0508
2.3400	0.0514
2.3600	0.0521
2.3800	0.0527
2.4000	0.0533
2.4200	0.0540
2.4400	0.0546
2.4600	0.0552
2.4800	0.0559
2.5000	0.0565
2.5200	0.0571
2.5400	0.0578
2.5600	0.0584
2.5800	0.0590
2.6000	0.0597
2.6200	0.0603
2.6400	0.0609
2.6600	0.0616
2.6800	0.0622
2.7000	0.0628
2.7200	0.0635
2.7400	0.0641
2.7600	0.0647
2.7800	0.0654
2.8000	0.0660
2.8200	0.0666
2.8400	0.0672
2.8600	0.0679
2.8800	0.0685
2.9000	0.0691
2.9200	0.0697
2.9400	0.0704
2.9600	0.0710
2.9800	0.0716
3	0.0722
3.0200	0.0728
3.0400	0.0734
3.0600	0.0740
3.0800	0.0747
3.1000	0.0753
3.1200	0.0759
3.1400	0.0765
3.1600	0.0771
3.1800	0.0777
3.2000	0.0783
3.2200	0.0789
3.2400	0.0795
3.2600	0.0801
3.2800	0.0807
3.3000	0.0813
3.3200	0.0818
3.3400	0.0824
3.3600	0.0830
3.3800	0.0836
3.4000	0.0842
3.4200	0.0848
3.4400	0.0853
3.4600	0.0859
3.4800	0.0865
3.5000	0.0870
3.5200	0.0876
3.5400	0.0882
3.5600	0.0887
3.5800	0.0893
3.6000	0.0898
3.6200	0.0904
3.6400	0.0909
3.6600	0.0915
3.6800	0.0920
3.7000	0.0926
3.7200	0.0931
3.7400	0.0937
3.7600	0.0942
3.7800	0.0947
3.8000	0.0953
3.8200	0.0958
3.8400	0.0963
3.8600	0.0968
3.8800	0.0973
3.9000	0.0979
3.9200	0.0984
3.9400	0.0989
3.9600	0.0994
3.9800	0.0999
4	0.1004
4.0200	0.1009
4.0400	0.1014
4.0600	0.1018
4.0800	0.1023
4.1000	0.1028
4.1200	0.1033
4.1400	0.1038
4.1600	0.1042
4.1800	0.1047
4.2000	0.1052
4.2200	0.1056
4.2400	0.1061
4.2600	0.1066
4.2800	0.1070
4.3000	0.1075
4.3200	0.1079
4.3400	0.1083
4.3600	0.1088
4.3800	0.1092
4.4000	0.1096
4.4200	0.1101
4.4400	0.1105
4.4600	0.1109
4.4800	0.1113
4.5000	0.1117
4.5200	0.1122
4.5400	0.1126
4.5600	0.1130
4.5800	0.1134
4.6000	0.1137
4.6200	0.1141
4.6400	0.1145
4.6600	0.1149
4.6800	0.1153
4.7000	0.1157
4.7200	0.1160
4.7400	0.1164
4.7600	0.1168
4.7800	0.1171
4.8000	0.1175
4.8200	0.1178
4.8400	0.1182
4.8600	0.1185
4.8800	0.1188
4.9000	0.1192
4.9200	0.1195
4.9400	0.1198
4.9600	0.1202
4.9800	0.1205
5	0.1208
5.0200	0.1211
5.0400	0.1214
5.0600	0.1217
5.0800	0.1220
5.1000	0.1223
5.1200	0.1226
5.1400	0.1229
5.1600	0.1232
5.1800	0.1234
5.2000	0.1237
5.2200	0.1240
5.2400	0.1242
5.2600	0.1245
5.2800	0.1248
5.3000	0.1250
5.3200	0.1253
5.3400	0.1255
5.3600	0.1257
5.3800	0.1260
5.4000	0.1262
5.4200	0.1264
5.4400	0.1266
5.4600	0.1269
5.4800	0.1271
5.5000	0.1273
5.5200	0.1275
5.5400	0.1277
5.5600	0.1279
5.5800	0.1281
5.6000	0.1283
5.6200	0.1284
5.6400	0.1286
5.6600	0.1288
5.6800	0.1290
5.7000	0.1291
5.7200	0.1293
5.7400	0.1295
5.7600	0.1296
5.7800	0.1298
5.8000	0.1299
5.8200	0.1300
5.8400	0.1302
5.8600	0.1303
5.8800	0.1304
5.9000	0.1305
5.9200	0.1307
5.9400	0.1308
5.9600	0.1309
5.9800	0.1310
6	0.1311
6.0200	0.1312
6.0400	0.1313
6.0600	0.1314
6.0800	0.1314
6.1000	0.1315
6.1200	0.1316
6.1400	0.1317
6.1600	0.1317
6.1800	0.1318
6.2000	0.1318
6.2200	0.1319
6.2400	0.1319
6.2600	0.1320
6.2800	0.1320
6.3000	0.1321
6.3200	0.1321
6.3400	0.1321
6.3600	0.1321
6.3800	0.1321
6.4000	0.1322
6.4200	0.1322
6.4400	0.1322
6.4600	0.1322
6.4800	0.1322
6.5000	0.1322
6.5200	0.1321
6.5400	0.1321
6.5600	0.1321
6.5800	0.1321
6.6000	0.1320
6.6200	0.1320
6.6400	0.1320
6.6600	0.1319
6.6800	0.1319
6.7000	0.1318
6.7200	0.1318
6.7400	0.1317
6.7600	0.1317
6.7800	0.1316
6.8000	0.1315
6.8200	0.1314
6.8400	0.1314
6.8600	0.1313
6.8800	0.1312
6.9000	0.1311
6.9200	0.1310
6.9400	0.1309
6.9600	0.1308
6.9800	0.1307
7	0.1306
7.0200	0.1304
7.0400	0.1303
7.0600	0.1302
7.0800	0.1301
7.1000	0.1299
7.1200	0.1298
7.1400	0.1296
7.1600	0.1295
7.1800	0.1293
7.2000	0.1292
7.2200	0.1290
7.2400	0.1289
7.2600	0.1287
7.2800	0.1285
7.3000	0.1284
7.3200	0.1282
7.3400	0.1280
7.3600	0.1278
7.3800	0.1276
7.4000	0.1274
7.4200	0.1272
7.4400	0.1270
7.4600	0.1268
7.4800	0.1266
7.5000	0.1264
7.5200	0.1262
7.5400	0.1260
7.5600	0.1258
7.5800	0.1255
7.6000	0.1253
7.6200	0.1251
7.6400	0.1248
7.6600	0.1246
7.6800	0.1244
7.7000	0.1241
7.7200	0.1239
7.7400	0.1236
7.7600	0.1233
7.7800	0.1231
7.8000	0.1228
7.8200	0.1225
7.8400	0.1223
7.8600	0.1220
7.8800	0.1217
7.9000	0.1214
7.9200	0.1211
7.9400	0.1209
7.9600	0.1206
7.9800	0.1203
8	0.1200
8.0200	0.1197
8.0400	0.1194
8.0600	0.1190
8.0800	0.1187
8.1000	0.1184
8.1200	0.1181
8.1400	0.1178
8.1600	0.1175
8.1800	0.1171
8.2000	0.1168
8.2200	0.1165
8.2400	0.1161
8.2600	0.1158
8.2800	0.1154
8.3000	0.1151
8.3200	0.1147
8.3400	0.1144
8.3600	0.1140
8.3800	0.1137
8.4000	0.1133
8.4200	0.1130
8.4400	0.1126
8.4600	0.1122
8.4800	0.1118
8.5000	0.1115
8.5200	0.1111
8.5400	0.1107
8.5600	0.1103
8.5800	0.1099
8.6000	0.1096
8.6200	0.1092
8.6400	0.1088
8.6600	0.1084
8.6800	0.1080
8.7000	0.1076
8.7200	0.1072
8.7400	0.1068
8.7600	0.1063
8.7800	0.1059
8.8000	0.1055
8.8200	0.1051
8.8400	0.1047
8.8600	0.1043
8.8800	0.1038
8.9000	0.1034
8.9200	0.1030
8.9400	0.1026
8.9600	0.1021
8.9800	0.1017
9	0.1013
9.0200	0.1008
9.0400	0.1004
9.0600	0.0999
9.0800	0.0995
9.1000	0.0990
9.1200	0.0986
9.1400	0.0981
9.1600	0.0977
9.1800	0.0972
9.2000	0.0968
9.2200	0.0963
9.2400	0.0959
9.2600	0.0954
9.2800	0.0949
9.3000	0.0945
9.3200	0.0940
9.3400	0.0935
9.3600	0.0931
9.3800	0.0926
9.4000	0.0921
9.4200	0.0916
9.4400	0.0912
9.4600	0.0907
9.4800	0.0902
9.5000	0.0897
9.5200	0.0892
9.5400	0.0888
9.5600	0.0883
9.5800	0.0878
9.6000	0.0873
9.6200	0.0868
9.6400	0.0863
9.6600	0.0858
9.6800	0.0853
9.7000	0.0848
9.7200	0.0843
9.7400	0.0839
9.7600	0.0834
9.7800	0.0829
9.8000	0.0824
9.8200	0.0819
9.8400	0.0814
9.8600	0.0809
9.8800	0.0803
9.9000	0.0798
9.9200	0.0793
9.9400	0.0788
9.9600	0.0783
9.9800	0.0778
10	0.0773
10.0200	0.0768
10.0400	0.0763
10.0600	0.0758
10.0800	0.0753
10.1000	0.0748
10.1200	0.0742
10.1400	0.0737
10.1600	0.0732
10.1800	0.0727
10.2000	0.0722
10.2200	0.0717
10.2400	0.0712
10.2600	0.0707
10.2800	0.0701
10.3000	0.0696
10.3200	0.0691
10.3400	0.0686
10.3600	0.0681
10.3800	0.0676
10.4000	0.0670
10.4200	0.0665
10.4400	0.0660
10.4600	0.0655
10.4800	0.0650
10.5000	0.0645
10.5200	0.0639
10.5400	0.0634
10.5600	0.0629
10.5800	0.0624
10.6000	0.0619
10.6200	0.0614
10.6400	0.0609
10.6600	0.0603
10.6800	0.0598
10.7000	0.0593
10.7200	0.0588
10.7400	0.0583
10.7600	0.0578
10.7800	0.0573
10.8000	0.0567
10.8200	0.0562
10.8400	0.0557
10.8600	0.0552
10.8800	0.0547
10.9000	0.0542
10.9200	0.0537
10.9400	0.0532
10.9600	0.0527
10.9800	0.0522
11	0.0517
11.0200	0.0512
11.0400	0.0507
11.0600	0.0502
11.0800	0.0497
11.1000	0.0492
11.1200	0.0487
11.1400	0.0482
11.1600	0.0477
11.1800	0.0472
11.2000	0.0467
11.2200	0.0462
11.2400	0.0457
11.2600	0.0452
11.2800	0.0447
11.3000	0.0442
11.3200	0.0437
11.3400	0.0433
11.3600	0.0428
11.3800	0.0423
11.4000	0.0418
11.4200	0.0413
11.4400	0.0409
11.4600	0.0404
11.4800	0.0399
11.5000	0.0394
11.5200	0.0390
11.5400	0.0385
11.5600	0.0380
11.5800	0.0376
11.6000	0.0371
11.6200	0.0366
11.6400	0.0362
11.6600	0.0357
11.6800	0.0353
11.7000	0.0348
11.7200	0.0344
11.7400	0.0339
11.7600	0.0335
11.7800	0.0330
11.8000	0.0326
11.8200	0.0321
11.8400	0.0317
11.8600	0.0312
11.8800	0.0308
11.9000	0.0304
11.9200	0.0299
11.9400	0.0295
11.9600	0.0291
11.9800	0.0287
12	0.0282
12.0200	0.0278
12.0400	0.0274
12.0600	0.0270
12.0800	0.0266
12.1000	0.0262
12.1200	0.0258
12.1400	0.0254
12.1600	0.0250
12.1800	0.0246
12.2000	0.0242
12.2200	0.0238
12.2400	0.0234
12.2600	0.0230
12.2800	0.0226
12.3000	0.0222
12.3200	0.0218
12.3400	0.0215
12.3600	0.0211
12.3800	0.0207
12.4000	0.0203
12.4200	0.0200
12.4400	0.0196
12.4600	0.0193
12.4800	0.0189
12.5000	0.0185
12.5200	0.0182
12.5400	0.0178
12.5600	0.0175
12.5800	0.0172
12.6000	0.0168
12.6200	0.0165
12.6400	0.0162
12.6600	0.0158
12.6800	0.0155
12.7000	0.0152
12.7200	0.0149
12.7400	0.0145
12.7600	0.0142
12.7800	0.0139
12.8000	0.0136
12.8200	0.0133
12.8400	0.0130
12.8600	0.0127
12.8800	0.0124
12.9000	0.0121
12.9200	0.0118
12.9400	0.0116
12.9600	0.0113
12.9800	0.0110
13	0.0107
13.0200	0.0105
13.0400	0.0102
13.0600	0.0100
13.0800	0.0097
13.1000	0.0094
13.1200	0.0092
13.1400	0.0089
13.1600	0.0087
13.1800	0.0085
13.2000	0.0082
13.2200	0.0080
13.2400	0.0078
13.2600	0.0075
13.2800	0.0073
13.3000	0.0071
13.3200	0.0069
13.3400	0.0067
13.3600	0.0065
13.3800	0.0063
13.4000	0.0061
13.4200	0.0059
13.4400	0.0057
13.4600	0.0055
13.4800	0.0053
13.5000	0.0051
13.5200	0.0050
13.5400	0.0048
13.5600	0.0046
13.5800	0.0045
13.6000	0.0043
13.6200	0.0041
13.6400	0.0040
13.6600	0.0038
13.6800	0.0037
13.7000	0.0035
13.7200	0.0034
13.7400	0.0033
13.7600	0.0031
13.7800	0.0030
13.8000	0.0029
13.8200	0.0028
13.8400	0.0027
13.8600	0.0025
13.8800	0.0024
13.9000	0.0023
13.9200	0.0022
13.9400	0.0021
13.9600	0.0020
13.9800	0.0019
14	0.0018
14.0200	0.0018
14.0400	0.0017
14.0600	0.0016
14.0800	0.0015
14.1000	0.0014
14.1200	0.0014
14.1400	0.0013
14.1600	0.0012
14.1800	0.0012
14.2000	0.0011
14.2200	0.0011
14.2400	0.0010
14.2600	9.3720e-04
14.2800	8.9300e-04
14.3000	8.4880e-04
14.3200	8.0440e-04
14.3400	7.5850e-04
14.3600	7.0940e-04
14.3800	6.7480e-04
14.4000	6.4010e-04
14.4200	6.0510e-04
14.4400	5.6860e-04
14.4600	5.3170e-04
14.4800	5.0490e-04
14.5000	4.7800e-04
14.5200	4.5070e-04
14.5400	4.2180e-04
14.5600	3.9480e-04
14.5800	3.7430e-04
14.6000	3.5360e-04
14.6200	3.3260e-04
14.6400	3.0990e-04
14.6600	2.9070e-04
14.6800	2.7510e-04
14.7000	2.5940e-04
14.7200	2.4330e-04
14.7400	2.2530e-04
14.7600	2.1210e-04
14.7800	2.0030e-04
14.8000	1.8840e-04
14.8200	1.7610e-04
14.8400	1.6200e-04
14.8600	1.5320e-04
14.8800	1.4440e-04
14.9000	1.3550e-04
14.9200	1.2620e-04
14.9400	1.1610e-04
14.9600	1.0960e-04
14.9800	1.0300e-04
15	9.6300e-05
15.0200	8.9300e-05
15.0400	8.2200e-05
15.0600	7.7300e-05
15.0800	7.2500e-05
15.1000	6.7500e-05
15.1200	6.2200e-05
15.1400	5.7400e-05
15.1600	5.3800e-05
15.1800	5.0200e-05
15.2000	4.6600e-05
15.2200	4.2600e-05
15.2400	3.9300e-05
15.2600	3.6800e-05
15.2800	3.4200e-05
15.3000	3.1500e-05
15.3200	2.8500e-05
15.3400	2.6400e-05
15.3600	2.4600e-05
15.3800	2.2800e-05
15.4000	2.0900e-05
15.4200	1.8700e-05
15.4400	1.7400e-05
15.4600	1.6200e-05
15.4800	1.4900e-05
15.5000	1.3500e-05
15.5200	1.2100e-05
15.5400	1.1200e-05
15.5600	1.0300e-05
15.5800	9.5000e-06
15.6000	8.5000e-06
15.6200	7.6000e-06
15.6400	7.0000e-06
15.6600	6.4000e-06
15.6800	5.8000e-06
15.7000	5.2000e-06
15.7200	4.6000e-06
15.7400	4.2000e-06
15.7600	3.8000e-06
15.7800	3.4000e-06
15.8000	3.0000e-06
15.8200	2.7000e-06
15.8400	2.4000e-06
15.8600	2.2000e-06
15.8800	1.9000e-06
15.9000	1.6000e-06
15.9200	1.5000e-06
15.9400	1.3000e-06
15.9600	1.2000e-06
15.9800	1.0000e-06
16	9.0000e-07
16.0200	8.0000e-07
16.0400	7.0000e-07
16.0600	6.0000e-07
16.0800	5.0000e-07
16.1000	4.0000e-07
16.1200	4.0000e-07
16.1400	3.0000e-07
16.1600	3.0000e-07
16.1800	2.0000e-07
16.2000	2.0000e-07
16.2200	2.0000e-07
16.2400	1.0000e-07
16.2600	1.0000e-07
16.2800	1.0000e-07
16.3000	1.0000e-07
16.3200	1.0000e-07
16.3400	1.0000e-07
16.3600	0
16.3800	0
16.4000	0
16.4200	0
16.4400	0
16.4600	0
16.4800	0
16.5000	0
16.5200	0
16.5400	0
16.5600	0