0.0101	0.0138
0.0151	0.0307
0.0202	0.0538
0.0252	0.0830
0.0302	0.1179
0.0353	0.1582
0.0403	0.2038
0.0454	0.2543
0.0504	0.3094
0.0555	0.3691
0.0605	0.4329
0.0655	0.5006
0.0706	0.5721
0.0756	0.6469
0.0807	0.7250
0.0857	0.8061
0.0907	0.8899
0.0958	0.9761
0.1008	1.0647
0.1059	1.1553
0.1109	1.2477
0.1159	1.3417
0.1210	1.4370
0.1260	1.5335
0.1311	1.6310
0.1361	1.7291
0.1411	1.8278
0.1462	1.9267
0.1512	2.0258
0.1563	2.1247
0.1613	2.2233
0.1663	2.3214
0.1714	2.4187
0.1764	2.5151
0.1815	2.6105
0.1865	2.7044
0.1915	2.7969
0.1966	2.8877
0.2016	2.9766
0.2067	3.0634
0.2117	3.1479
0.2168	3.2300
0.2218	3.3094
0.2268	3.3859
0.2319	3.4594
0.2369	3.5298
0.2420	3.5966
0.2470	3.6599
0.2520	3.7194
0.2571	3.7749
0.2621	3.8262
0.2672	3.8731
0.2722	3.9154
0.2772	3.9529
0.2823	3.9854
0.2873	4.0127
0.2924	4.0344
0.2974	4.0505
0.3024	4.0605
0.3075	4.0644
0.3125	4.0617
0.3176	4.0522
0.3226	4.0356
0.3276	4.0114
0.3327	3.9794
0.3377	3.9391
0.3428	3.8900
0.3478	3.8316
0.3528	3.7632
0.3579	3.6842
0.3629	3.5937
0.3680	3.4907
0.3730	3.3740
0.3780	3.2422
0.3831	3.0932
0.3881	2.9246
0.3932	2.7330
0.3982	2.5136
0.4033	2.2589
0.4083	1.9567
0.4133	1.5832
0.4184	1.0783
0.4234	0